0.74048048969306104116931349834344894
22.4591577183610454734271522045437350
2.80777024202851936522150118655777293
0.63092975357145743709952711434276085
0.31830988618379067153776752674502872
0.28878809508660242127889972192923078
1.53960071783900203869106341467188655
0.20787957635076190854695561983497877
4.53236014182719380962768294571666681
0.76159415595576488811945828260479359
0.59017029950804811302266897027924429
1.25992104989487316476721060727822835
1.09317045919549089396820137014520832
3.05940740534257614453947549923327861
5.97798681217834912266905331933922774
0.91893853320467274178032973640561763
2.20741609916247796230685674512980889
1.17628081825991750654407033847403505
0.37395581361920228805472805434641641
0.42215773311582662702336591662385075
2.82641999706759157554639174723695374
1.09864196439415648573466891734359621
2.39996322972865332223155550663361385
1.64218843522212113687362798892294034
1.26408473530530111307959958416466949
1.61111492580837673611111111111111111
1.11786415118994497314040996202656544
0.28016949902386913303643649123067200
0.66016181584686957392781211001455577
1.22674201072035324441763023045536165
0.11494204485329620070104015746959874
1.78723165018296593301327489033700839
3.30277563773199464655961063373524797
0.82699334313268807426698974746945416
2.66514414269022518865029724987313985
3.27582291872181115978768188245384386
0.52382257138986440645095829438325566
1.23370055013616982735431137498451889
2.50662827463100050241576528481104525
4.13273135412249293846939188429985264
0.97027011439203392574025601921001083
0.98770039073605346013199991355832854
0.70444220099916559273660335032663721
1.84775906502257351225636637879357657
0.30366300289873265859744812190155623
1.57079632679489661923132169163975144
1.60669515241529176378330152319092458
1.61803398874989484820458683436563811
1.64493406684822643647241516664602519
1.73205080756887729352744634150587237
1.75793275661800453270881963821813852
2.29558714939263807403429804918949038
1.78657645936592246345859047554131575
2.59807621135331594029116951225880855
0.66131704946962233528976584627411853
1.46099848620631835815887311784605969
1.92756197548292530426190586173662216
1.00743475688427937609825359523109914
1.70521114010536776428855145343450816
0.60459978807807261686469275254738524
1.15470053837925152901829756100391491
0.41245403364010759778336136825845528
0.58057755820489240229004389229702574
0.66274341934918158097474209710925290
0.17150049314153606586043997155521210
1.55138752454832039226195251026462381
1.22541670246517764512909830336289053
1.20205690315959428539973816151144999
0.91596559417721901505460351493238411
0.78539816339744830961566084581987572
0.00131764115485317810981735232251358
0.56755516330695782538461314419245334
0.78343051071213440705926438652697546
1.29128599706266354040728259059560054
0.70523017179180096514743168288824851
0.14758361765043327417540107622474052
0.15915494309189533576888376337251436
0.29156090403081878013838445646839491
2.09455148154232659148238654057930296
0.72364840229820000940884914980912759
0.63212055882855767840447622983853913
1.04633506677050318098095065697776037
5.24411510858423962092967917978223883
0.66170718226717623515583113324841358
1.30357726903429639125709911215255189
1.18656911041562545282172297594723712
0.83564884826472105333710345970011076
23.1034479094205416160340540433255981
0.98943127383114695174164880901886671
0.19452804946532511361521373028750390
0.78853056591150896106027632216944432
1.18745235112650105459548015839651935
2.29316628741186103150802829125080586
0.82246703342411321823620758332301259
0.69314718055994530941723212145817657
0.47494937998792065033250463632798297
0.57721566490153286060651209008240243
1.38135644451849779337146695685062412
1.35845627418298843520618060050187945
0.57595996889294543964316337549249669
0.73908513321516064165531208767387340
0.67823449191739197803553827948289481
1.85407467730137191843385034719526005
1.75874362795118482469989684865589317
1.86002507922119030718069591571714332
2.79128784747792000329402359686400424
0.70710678118654752440084436210484903
0.80939402054063913071793188059409131
2.58498175957925321706589358738317116
1.73245471460063347358302531586082968
1.43599112417691743235598632995927221
3.24697960371746706105000976800847962
1.94359643682075920505707036257476343
1.49534878122122054191189899414091339
0.87228404106562797617519753217122587
1.08232323371113819151600369654116790
1.56155281280883027491070492798703851
9.86960440108935861883449099987615114
1.32471795724474602596090885447809734
2.37313822083125090564344595189447424
0.85073618820186726036779776053206660
1.15636268433226971685337032288736935
1.26185950714291487419905422868552171
6.58088599101792097085154240388648649
0.26149721284764278375542683860869585
4.81047738096535165547303566670383313
0.06598803584531253707679018759684642
1.83928675521416113255185256465328660
0.36651292058166432701243915823266947
36.4621596072079117709908260226921236
0.53964549119041318711050084748470198
15.1542622414792641897604302726299119
0.64624543989481330426647339684579279
1.11072073453959156175397024751517342
1.45607494858268967139959535111654355
1.85193705198246617036105337015799136
0.23571113171923293137414347535961677
1.52362708620249210627768393595421662
1.78221397819136911177441345297254934
1.58496250072115618145373894394781651
1.30637788386308069046861449260260571
2.02988321281930725004240510854904057
262537412640768743.999999999999250073
1.74540566240734686349459630968366106
1.64872127070012814684865078781416357
1.01734306198444913971451792979092052
0.10841015122311136151129081140641509
0.83462684167407318628142973279904680
1.45136923488338105028396848589202744
0.64341054628833802618225430775756476
1.41421356237309504880168872420969808
1.77245385090551602729816748334114518
1.05946309435929526456182529494634170
1.01494160640965362502120255427452028
2.62205755429211981046483958989111941
1.28242712910062263687534256886979172
-4.2274535333762654080895301460966835
0.28674742843447873410789271278983845
3.62560990822190831193068515586767200
1.66168794963359412129581892274995074
0.95531661812450927816385710251575775
1.78107241799019798523650410310717954
0.74759792025341143517873094383017817
1.27323954473516268615107010698011489
1.44466786100976613365833910859643022
0.69220062755534635386542199718278976
0.34053732955099914282627318443290289
0.54325896534297670695272829530061323
0.18785964246206712024851793405427323
1.46707807943397547289779848470722995
4.66920160910299067185320382046620161
2.50290787509589282228390287321821578
0.62432998854355087099293638310083724
23.1406926327792690057290863679485474
7.38905609893065022723042746057500781
0.35323637185499598454351655043268201
0.60792710185402662866327677925836583
0.12345678910111213141516171819202123
0.76422365358922066299069873125009232
2.71828182845904523536028747135266250
0.36787944117144232159552377016146086
0.69034712611496431946732843846418942
3.14159265358979323846264338327950288
0.46364760900080611621425623146121440
0.69777465796400798200679059255175260
0.63661977236758134307553505349005745
0.59634736232319407434107849936927937
2.74723827493230433305746518613420282
0.56714329040978387299996866221035555
0.96894614625936938048363484584691860
2.23606797749978969640917366873127624
3.35988566624317755317201130291892717
2.68545200106530644530971483548179569
